0.07746153846153842
0.08426282051282045
0.08867435897435898
0.08354487179487172
0.06577692307692304
0.07789487179487174
0.07850128205128215
0.07744487179487176
0.0774730769230769
0.08153205128205128
0.07996282051282046
0.06450769230769228
0.08743076923076926
0.0886525641025642
0.07507435897435898
0.0671474358974359
0.07605128205128202
0.07998205128205127
0.08479230769230776
0.09475897435897432
0.08813974358974351
0.08285897435897442
0.07607820512820515
0.08792564102564104
0.07781666666666665
0.08020256410256409
0.09507820512820511
0.07835384615384619
0.08483974358974364
0.08133974358974363
0.0959025641025642
0.06752564102564096
0.06419871794871791
0.0738589743589744
0.07830641025641027
0.09566153846153849
0.07862435897435892
0.07476794871794874
0.06931025641025644
0.08816153846153847
0.08754358974358975
0.07533974358974364
0.0731025641025641
0.08575512820512814
0.08813589743589743
0.0861217948717949
0.0812871794871795
0.07923076923076931
0.08294999999999998
0.08228333333333336
0.07602051282051277
0.08420897435897441
0.08721410256410243
0.0796243589743589
0.08181282051282052
0.07213333333333342
0.06748974358974358
0.07785384615384618
0.08379102564102565
0.0857435897435897
0.08718205128205136
0.07642820512820511
0.08250000000000003
0.07879358974358969
0.0822128205128206
0.07951666666666672
0.07545384615384619
0.08999615384615382
0.07951794871794865
0.08642051282051284
0.0741294871794872
0.07713589743589744
0.07298589743589745
0.07733974358974362
0.08380641025641027
0.08277435897435906
0.09596410256410254
0.08375769230769231
0.08461666666666673
0.07646410256410252
0.10579230769230773
0.07109871794871783
0.07197051282051285
0.07247307692307692
0.07603205128205118
0.07710769230769242
0.07841410256410256
0.07438717948717949
0.07741282051282053
0.08097179487179479
0.07476538461538464
0.08594615384615388
0.060287179487179515
0.08643589743589741
0.08660128205128215
0.08077820512820522
0.07307435897435897
0.07737564102564105
0.09173461538461541
0.09536153846153844
