0.0
0.19764777760806473
0.10365052695891244
0.06787841759584536
0.05388727661524358
0.046800061096685476
0.04102642431648082
0.037146784786925284
0.031464793034977866
0.030365052695891265
0.028104475332213243
0.024652512601191397
0.022850160378799462
0.021689323354208045
0.019795326103558893
0.01887887582098672
0.017840232167404928
0.017015426913089972
0.014327172750878274
0.014082786008859026
0.013716205895830157
0.0123415304719719
0.011944402016190627
0.011608370245914164
0.011425080189399731
0.01185275698793341
0.0107224683060944
0.010111501451046286
0.010142049793798692
0.008339697571406755
0.009806018023522229
0.008614632656178406
0.008339697571406755
0.00702611883305331
0.008828471055445247
0.006476248663510008
0.007545440659844207
0.007362150603329773
0.0076065373453490185
0.007087215518558122
0.0
