0.299639807317674
0.01481977137965808
0.2787368530284714
0.5052628590917537
0.06487456201925587
-0.06286269268623747
-0.012170308391564667
-0.01788481438810213
-0.10430806655617647
0.6551624599746001
-0.08455748783807603
-0.2841094834878892
0.44879984432492886
0.4197423463426296
0.405818422677372
-0.08158451961311373
0.08846487234847072
0.29876267127899553
0.18103922167355202
0.29053364237634144
0.22071455024613235
0.6965772507497513
0.15126500006976415
-0.1068953887223633
0.011279212579113925
0.14967965944829
0.7209511387106043
0.13083114589261693
0.49008541171526177
0.12246043495437064
0.4858838870742348
-0.035719857433114344
-0.423297001595307
0.05012141982272599
0.3170829254407638
0.35076954175649533
0.09659801312879596
0.0358969873497581
-0.438254653300806
0.7252596779914317
0.18287382587096784
0.13845023964427847
0.0852629970697881
0.2255220486005525
0.3237201867785299
0.09760360653575845
0.3516017413172732
0.17408833427848852
0.585322110593647
0.26264015529965257
0.37254879005866226
0.07651359787179815
0.3887851717383533
0.07521866676590426
0.12187581812777587
-0.09692548141704102
0.000916656548932719
0.5589479392512063
0.1347794509278872
0.3072188397755992
0.7760917705503915
0.1943797618498724
0.5063729505020685
0.39602132461361683
0.3465147734188012
-0.09446640848243007
0.41235594976351503
0.42145972033762397
0.23756675650060086
0.07884086536306198
0.3679797982585756
0.23074383282453784
0.06667626591697355
0.10464518985489754
0.08002863797840522
0.4661720539821058
0.2879742515548925
0.32186904253589954
0.38859451575760295
-0.1830602562649163
0.6771566202656712
0.3422012434278659
0.03854878250507573
-0.12562639122341748
0.1364705268181648
0.4171390429372511
0.19478564391719547
0.10191064205433664
0.49073412052956566
0.23532791378321175
0.184976843722029
0.35314239519537516
-0.5096523596308441
0.36417552293996047
0.35980430537355357
0.3389002640304283
0.14757933317143906
0.1305731823603051
0.6025645332494919
0.4389350685373115
